k = 0.2447;
b = 0.385;
p1 = -1.257;
p0 = 0.463;
a1 = -1.655;
a0 = 0.7483;

A = [ k 0 0 1; b*k k 0 a1-1; 0 b*k k a0-a1; 0 0 b*k -a0];
B = [p1-a1-1; p0+a1-a0; a0; 0]

X=A^-1*B